0;540
1;533
2;530
3;530
4;530
5;530
6;530
7;530
8;530
9;530
10;530
11;530
12;530
13;530
14;530
15;531
16;532
17;532
18;532
19;532
20;532
21;532
22;532
23;533
24;533
25;533
26;533
27;533
28;533
29;533
30;533
31;533
32;533
33;533
34;533
35;533
36;533
37;533
38;533
39;533
40;533
41;533
42;533
43;533
44;533
45;533
46;533
47;533
48;533
49;533
50;533
51;533
52;533
53;533
54;533
55;533
56;533
57;533
58;533
59;533
60;533
61;533
62;533
63;533
64;533
65;533
66;533
67;533
68;533
69;533
70;533
71;533
72;533
73;533
74;533
75;533
76;533
77;533
78;533
79;533
80;533
81;533
82;533
83;533
84;533
85;533
86;533
87;533
88;534
89;533
90;533
91;533
92;534
93;533
94;533
95;533
96;533
97;533
98;533
99;533
100;533
101;533
102;533
103;534
104;534
105;533
106;533
107;534
108;533
109;533
110;533
111;533
112;533
113;533
114;534
115;533
116;534
117;534
118;534
119;533
120;533
121;533
122;534
123;533
124;533
125;533
126;533
127;533
128;534
129;534
130;534
131;533
132;533
133;533
134;534
135;533
136;533
137;534
138;533
139;533
140;533
141;533
142;534
143;534
144;533
145;534
146;535
147;533
148;534
149;533
150;533
151;534
152;534
153;535
154;533
155;533
156;534
157;535
158;534
159;534
160;534
161;533
162;534
163;534
164;534
165;534
166;534
167;533
168;534
169;534
170;534
171;533
172;534
173;534
174;533
175;533
176;533
177;534
178;533
179;533
180;533
181;534
182;534
183;534
184;534
185;533
186;534
187;534
188;533
189;533
190;534
191;533
192;534
193;534
194;533
195;533
196;534
197;533
198;533
199;533
200;534
201;536
202;535
203;535
204;535
205;535
206;535
207;534
208;534
209;534
210;535
211;534
212;534
213;534
214;533
215;534
216;534
217;534
218;534
219;533
220;534
221;534
222;534
223;533
224;534
225;534
226;534
227;533
228;534
229;533
230;533
231;534
232;533
233;533
234;534
235;534
236;533
237;533
238;533
239;535
240;534
241;534
242;535
243;533
244;535
245;534
246;534
247;534
248;534
249;534
250;535
251;534
252;534
253;533
254;534
255;534
256;533
257;533
258;533
259;533
260;533
261;534
262;533
263;533
264;533
265;534
266;534
267;534
268;533
269;533
270;534
271;534
272;534
273;533
274;533
275;533
276;533
277;533
278;533
279;533
280;533
281;533
282;534
283;533
284;533
285;534
286;534
287;534
288;534
289;534
290;534
291;533
292;533
293;533
294;534
295;534
296;534
297;533
298;533
299;533
300;534
301;533
302;533
303;533
304;534
305;534
306;533
307;533
308;534
309;533
310;533
311;534
312;533
313;533
314;534
315;533
316;533
317;533
318;533
319;533
320;533
321;533
322;534
323;534
324;534
325;533
326;533
327;533
328;534
329;534
330;534
331;533
332;533
333;534
334;534
335;533
336;533
337;533
338;533
339;534
340;534
341;533
342;533
343;533
344;534
345;534
346;533
347;534
348;534
349;534
350;534
351;533
352;533
353;533
354;534
355;534
356;533
357;534
358;533
359;533
360;533
361;533
362;533
363;533
364;534
365;533
366;533
367;533
368;533
369;533
370;533
371;534
372;534
373;534
374;533
375;533
376;533
377;534
378;534
379;533
380;533
381;534
382;533
383;533
384;533
385;533
386;534
387;534
388;533
389;533
390;533
391;533
392;533
393;533
394;533
395;533
396;533
397;533
398;533
399;533
400;533
401;533
402;533
403;533
404;533
405;534
406;533
407;533
408;533
409;534
410;533
411;533
412;536
413;535
414;535
415;534
416;535
417;535
418;534
419;534
420;533
421;534
422;534
423;534
424;534
425;533
426;534
427;534
428;534
429;533
430;533
431;533
432;533
433;533
434;533
435;533
436;534
437;533
438;533
439;533
440;533
441;534
442;534
443;533
444;533
445;533
446;533
447;533
448;533
449;533
450;533
451;534
452;533
453;534
454;533
455;534
456;534
457;533
458;533
459;533
460;533
461;534
462;533
463;534
464;533
465;533
466;533
467;533
468;533
469;533
470;533
471;533
472;534
473;534
474;533
475;534
476;534
477;534
478;533
479;533
480;533
481;534
482;533
483;534
484;533
485;533
486;534
487;533
488;533
489;533
490;533
491;533
492;533
493;533
494;533
495;533
496;533
497;534
498;533
499;533
500;533
501;533
502;533
503;533
504;533
505;533
506;534
507;534
508;533
509;533
510;533
511;533
512;533
513;534
514;533
515;533
516;533
517;533
518;533
519;533
520;533
521;533
522;533
523;533
524;533
525;534
526;533
527;534
528;534
529;533
530;534
531;533
532;533
533;534
534;533
535;534
536;533
537;533
538;533
539;533
540;533
541;533
542;533
543;533
544;533
545;533
546;534
547;533
548;533
549;533
550;533
551;533
552;533
553;533
554;534
555;533
556;534
557;533
558;533
559;533
560;533
561;533
562;533
563;534
564;534
565;533
566;533
567;533
568;533
569;533
570;533
571;533
572;533
573;533
574;533
575;533
576;533
577;533
578;533
579;533
580;534
581;533
582;533
583;533
584;533
585;533
586;533
587;533
588;534
589;533
590;533
591;533
592;533
593;534
594;533
595;533
596;533
597;533
598;533
599;533
600;533
601;533
602;533
603;533
604;533
605;533
606;533
607;533
608;533
609;533
610;533
611;533
612;533
613;533
614;533
615;533
616;533
617;533
618;533
619;534
620;533
621;533
622;533
623;536
624;535
625;535
626;535
627;535
628;534
629;534
630;535
631;534
632;534
633;533
634;533
635;534
636;534
637;534
638;533
639;533
640;533
641;533
642;534
643;533
644;533
645;534
646;533
647;533
648;533
649;533
650;533
651;533
652;533
653;533
654;534
655;533
656;533
657;533
658;534
659;533
660;533
661;533
662;533
663;533
664;534
665;533
666;533
667;533
668;533
669;533
670;534
671;533
672;533
673;533
674;533
675;533
676;533
677;533
678;533
679;533
680;533
681;533
682;533
683;533
684;533
685;533
686;533
687;533
688;534
689;533
690;533
691;533
692;533
693;533
694;533
695;533
696;533
697;533
698;533
699;533
700;533
701;533
702;533
703;533
704;533
705;534
706;534
707;533
708;533
709;533
710;533
711;533
712;534
713;533
714;534
715;533
716;533
717;534
718;534
719;533
720;533
721;533
722;533
723;533
724;533
725;533
726;533
727;533
728;533
729;533
730;533
731;533
732;533
733;533
734;533
735;533
736;533
737;534
738;533
739;533
740;533
741;533
742;533
743;533
744;533
745;533
746;533
747;533
748;534
749;533
750;533
751;533
752;533
753;533
754;534
755;533
756;533
757;533
758;533
759;533
760;533
761;533
762;533
763;533
764;533
765;533
766;533
767;533
768;533
769;533
770;534
771;533
772;533
773;533
774;533
775;534
776;533
777;533
778;533
779;534
780;533
781;533
782;533
783;533
784;533
785;534
786;533
787;533
788;533
789;534
790;533
791;533
792;533
793;533
794;533
795;533
796;534
797;533
798;533
799;533
800;533
801;533
802;533
803;533
804;533
805;533
806;533
807;533
808;533
809;533
810;533
811;533
812;533
813;533
814;533
815;533
816;534
817;533
818;533
819;533
820;533
821;533
822;533
823;533
824;533
825;533
826;533
827;533
828;533
829;533
830;533
831;533
832;533
833;533
834;536
835;535
836;535
837;535
838;535
839;535
840;535
841;534
842;534
843;533
844;534
845;534
846;533
847;533
848;533
849;534
850;533
851;534
852;533
853;533
854;534
855;533
856;534
857;533
858;533
859;533
860;533
861;533
862;533
863;533
864;533
865;533
866;533
867;533
868;533
869;533
870;533
871;533
872;533
873;533
874;533
875;533
876;533
877;533
878;533
879;533
880;534
881;534
882;533
883;533
884;533
885;533
886;533
887;533
888;533
889;533
890;533
891;533
892;533
893;533
894;534
895;534
896;534
897;534
898;534
899;534
900;533
901;534
902;534
903;534
904;534
905;533
906;534
907;534
908;534
909;533
910;533
911;534
912;534
913;533
914;533
915;534
916;533
917;534
918;533
919;533
920;533
921;533
922;533
923;533
924;533
925;533
926;533
927;533
928;533
929;533
930;533
931;533
932;533
933;534
934;534
935;533
936;533
937;533
938;533
939;533
940;533
941;533
942;533
943;533
944;533
945;533
946;533
947;533
948;533
949;533
950;533
951;533
952;533
953;533
954;533
955;533
956;533
957;533
958;533
959;533
960;534
961;533
962;533
963;533
964;533
965;533
966;533
967;533
968;533
969;533
970;533
971;533
972;533
973;534
974;534
975;533
976;533
977;533
978;533
979;533
980;533
981;533
982;533
983;533
984;533
985;533
986;533
987;534
988;533
989;533
990;533
991;533
992;534
993;533
994;533
995;533
996;533
997;534
998;533
999;533
1000;533
1001;533
1002;533
1003;533
1004;533
1005;533
1006;533
1007;534
1008;534
1009;533
1010;533
1011;533
1012;533
1013;533
1014;533
1015;533
1016;533
1017;533
1018;533
1019;533
1020;533
1021;533
1022;533
1023;533
1024;534
1025;533
1026;533
1027;533
1028;533
1029;533
1030;533
1031;533
1032;533
1033;533
1034;533
1035;533
1036;533
1037;534
1038;533
1039;533
1040;533
1041;533
1042;533
1043;533
1044;533
1045;529
1046;531
1047;533
1048;533
1049;533
1050;533
1051;533
1052;533
1053;533
1054;533
1055;533
1056;533
1057;533
1058;533
1059;533
1060;533
1061;533
1062;533
1063;533
1064;533
1065;533
1066;533
1067;533
1068;533
1069;533
1070;533
1071;533
1072;533
1073;533
1074;533
1075;533
1076;533
1077;533
1078;533
1079;533
1080;533
1081;534
1082;533
1083;533
1084;533
1085;533
1086;533
1087;533
1088;533
1089;533
1090;533
1091;534
1092;533
1093;533
1094;533
1095;533
1096;533
1097;533
1098;533
1099;533
1100;533
1101;533
1102;534
1103;533
1104;533
1105;533
1106;534
1107;533
1108;533
1109;533
1110;533
1111;533
1112;534
1113;533
1114;533
1115;533
1116;533
1117;533
1118;533
1119;533
1120;534
1121;533
1122;533
1123;533
1124;533
1125;534
1126;533
1127;534
1128;534
1129;533
1130;533
1131;534
1132;534
1133;533
1134;534
1135;533
1136;534
1137;534
1138;533
1139;533
1140;533
1141;533
1142;534
1143;533
1144;534
1145;533
1146;534
1147;534
1148;534
1149;533
1150;534
1151;534
1152;534
1153;533
1154;533
1155;533
1156;534
1157;534
1158;534
1159;534
1160;533
1161;534
1162;534
1163;534
1164;533
1165;534
1166;534
1167;534
1168;533
1169;534
1170;534
1171;534
1172;533
1173;533
1174;533
1175;534
1176;534
1177;533
1178;533
1179;533
1180;533
1181;533
1182;533
1183;534
1184;533
1185;534
1186;533
1187;533
1188;533
1189;533
1190;534
1191;534
1192;534
1193;533
1194;534
1195;534
1196;534
1197;533
1198;534
1199;535
1200;533
1201;533
1202;533
1203;533
1204;534
1205;534
1206;533
1207;533
1208;534
1209;533
1210;533
1211;533
1212;534
1213;534
1214;533
1215;534
1216;534
1217;534
1218;533
1219;534
1220;535
1221;534
1222;533
1223;534
1224;534
1225;534
1226;533
1227;534
1228;534
1229;534
1230;534
1231;534
1232;534
1233;533
1234;534
1235;534
1236;534
1237;533
1238;534
1239;534
1240;534
1241;534
1242;534
1243;534
1244;534
1245;534
1246;533
1247;533
1248;535
1249;533
1250;533
1251;533
1252;533
1253;534
1254;534
1255;534
1256;533
1257;533
1258;533
1259;533
1260;533
1261;533
1262;533
1263;533
1264;533
1265;533
1266;533
1267;533
1268;533
1269;533
1270;534
1271;534
1272;534
1273;533
1274;533
1275;534
1276;533
1277;534
1278;534
1279;534
1280;534
1281;533
1282;534
1283;533
1284;533
1285;533
1286;533
1287;533
1288;534
1289;534
1290;534
1291;533
1292;534
1293;534
1294;533
1295;533
1296;533
1297;533
1298;533
1299;533
1300;534
1301;534
1302;534
1303;533
1304;533
1305;533
1306;534
1307;534
1308;534
1309;533
1310;534
1311;534
1312;533
1313;533
1314;533
1315;533
1316;534
1317;533
1318;533
1319;534
1320;533
1321;534
1322;534
1323;533
1324;534
1325;533
1326;534
1327;533
1328;533
1329;534
1330;534
1331;534
1332;533
1333;534
1334;534
1335;534
1336;534
1337;534
1338;533
1339;533
1340;533
1341;533
1342;533
1343;534
1344;533
1345;533
1346;533
1347;534
1348;534
1349;533
1350;534
1351;533
1352;534
1353;534
1354;534
1355;534
1356;533
1357;534
1358;533
1359;534
1360;534
1361;534
1362;534
1363;533
1364;533
1365;533
1366;534
1367;534
1368;534
1369;533
1370;534
1371;533
1372;533
1373;533
1374;534
1375;534
1376;533
1377;534
1378;534
1379;534
1380;534
1381;534
1382;534
1383;534
1384;533
1385;534
1386;533
1387;534
1388;533
1389;533
1390;534
1391;534
1392;533
1393;533
1394;533
1395;534
1396;533
1397;534
1398;534
1399;534
1400;534
1401;534
1402;533
1403;534
1404;534
1405;533
1406;534
1407;533
1408;534
1409;534
1410;534
1411;534
1412;533
1413;533
1414;533
1415;534
1416;534
1417;534
1418;533
1419;534
1420;533
1421;534
1422;533
1423;534
1424;534
1425;534
1426;534
1427;534
1428;534
1429;534
1430;534
1431;533
1432;533
1433;534
1434;534
1435;534
1436;534
1437;534
1438;533
1439;534
1440;533
1441;534
1442;535
1443;533
1444;533
1445;533
1446;534
1447;533
1448;534
1449;534
1450;533
1451;533
1452;534
1453;534
1454;534
1455;535
1456;534
1457;533
1458;534
1459;534
1460;534
1461;534
1462;534
1463;534
1464;534
1465;533
1466;534
1467;533
1468;536
1469;535
1470;535
1471;535
1472;535
1473;535
1474;535
1475;535
1476;535
1477;534
1478;535
1479;534
1480;535
1481;534
1482;535
1483;534
1484;535
1485;534
1486;534
1487;533
1488;534
1489;534
1490;534
1491;533
1492;534
1493;534
1494;533
1495;534
1496;533
1497;533
1498;534
1499;533
1500;534
1501;534
1502;534
1503;534
1504;533
1505;533
1506;533
1507;534
1508;534
1509;534
1510;535
1511;534
1512;534
1513;534
1514;534
1515;533
1516;533
1517;534
1518;534
1519;533
1520;533
1521;534
1522;533
1523;534
1524;534
1525;533
1526;533
1527;533
1528;534
1529;533
1530;533
1531;534
1532;534
1533;533
1534;534
1535;533
1536;533
1537;534
1538;534
1539;533
1540;533
1541;534
1542;533
1543;534
1544;534
1545;533
1546;533
1547;534
1548;534
1549;533
1550;533
1551;534
1552;533
1553;533
1554;533
1555;533
1556;534
1557;533
1558;534
1559;533
1560;533
1561;534
1562;534
1563;533
1564;534
1565;534
1566;533
1567;533
1568;534
1569;533
1570;534
1571;533
1572;533
1573;533
1574;533
1575;533
1576;533
1577;533
1578;533
1579;533
1580;533
1581;533
1582;533
1583;533
1584;533
1585;533
1586;533
1587;533
1588;533
1589;533
1590;533
1591;533
1592;533
1593;533
1594;533
1595;533
1596;533
1597;533
1598;533
1599;533
1600;533
1601;533
1602;534
1603;533
1604;533
1605;533
1606;533
1607;533
1608;534
1609;533
1610;533
1611;534
1612;533
1613;533
1614;533
1615;533
1616;533
1617;533
1618;533
1619;534
1620;534
1621;533
1622;533
1623;533
1624;533
1625;533
1626;533
1627;533
1628;534
1629;533
1630;533
1631;534
1632;533
1633;533
1634;533
1635;533
1636;533
1637;533
1638;533
1639;533
1640;533
1641;533
1642;533
1643;533
1644;533
1645;534
1646;534
1647;533
1648;533
1649;533
1650;533
1651;533
1652;533
1653;533
1654;533
1655;534
1656;533
1657;533
1658;533
1659;533
1660;534
1661;533
1662;533
1663;533
1664;533
1665;534
1666;533
1667;533
1668;533
1669;533
1670;534
1671;533
1672;533
1673;533
1674;534
1675;533
1676;533
1677;533
1678;533
1679;536
1680;535
1681;535
1682;535
1683;535
1684;534
1685;534
1686;534
1687;534
1688;534
1689;534
1690;534
1691;534
1692;533
1693;533
1694;534
1695;534
1696;533
1697;533
1698;533
1699;533
1700;534
1701;534
1702;533
1703;533
1704;533
1705;533
1706;533
1707;533
1708;533
1709;534
1710;533
1711;533
1712;533
1713;533
1714;533
1715;533
1716;533
1717;533
1718;534
1719;533
1720;533
1721;533
1722;533
1723;533
1724;534
1725;533
1726;533
1727;533
1728;533
1729;534
1730;533
1731;533
1732;534
1733;533
1734;533
1735;533
1736;533
1737;534
1738;533
1739;533
1740;533
1741;533
1742;533
1743;533
1744;533
1745;533
1746;533
1747;533
1748;533
1749;534
1750;533
1751;533
1752;533
1753;533
1754;533
1755;533
1756;533
1757;533
1758;533
1759;533
1760;533
1761;533
1762;533
1763;533
1764;533
1765;533
1766;533
1767;533
1768;533
1769;533
1770;533
1771;533
1772;533
1773;533
1774;533
1775;533
1776;533
1777;533
1778;534
1779;534
1780;533
1781;533
1782;533
1783;533
1784;533
1785;533
1786;533
1787;533
1788;533
1789;533
1790;533
1791;533
1792;533
1793;533
1794;533
1795;533
1796;533
1797;533
1798;533
1799;533
1800;533
1801;533
1802;533
1803;533
1804;534
1805;533
1806;533
1807;533
1808;533
1809;533
1810;533
1811;533
1812;533
1813;533
1814;533
1815;533
1816;533
1817;533
1818;533
1819;533
1820;533
1821;533
1822;534
1823;533
1824;533
1825;533
1826;533
1827;533
1828;533
1829;533
1830;533
1831;533
1832;533
1833;533
1834;533
1835;533
1836;533
1837;534
1838;533
1839;533
1840;533
1841;533
1842;534
1843;534
1844;533
1845;534
1846;533
1847;533
1848;533
1849;533
1850;533
1851;533
1852;533
1853;533
1854;533
1855;533
1856;533
1857;534
1858;534
1859;534
1860;533
1861;533
1862;534
1863;533
1864;533
1865;533
1866;533
1867;533
1868;533
1869;533
1870;533
1871;533
1872;534
1873;533
1874;533
1875;534
1876;533
1877;534
1878;533
1879;533
1880;533
1881;533
1882;533
1883;533
1884;533
1885;534
1886;533
1887;533
1888;533
1889;533
1890;536
1891;535
1892;535
1893;535
1894;535
1895;535
1896;535
1897;534
1898;533
1899;534
1900;533
1901;533
1902;533
1903;533
1904;533
1905;533
1906;534
1907;533
1908;533
1909;533
1910;534
1911;534
1912;533
1913;533
1914;534
1915;533
1916;533
1917;533
1918;533
1919;533
1920;533
1921;533
1922;533
1923;533
1924;533
1925;533
1926;533
1927;533
1928;533
1929;533
1930;533
1931;533
1932;533
1933;533
1934;533
1935;533
1936;533
1937;533
1938;533
1939;533
1940;534
1941;533
1942;533
1943;533
1944;533
1945;533
1946;533
1947;533
1948;533
1949;533
1950;533
1951;533
1952;533
1953;533
1954;533
1955;533
1956;533
1957;533
1958;533
1959;533
1960;533
1961;533
1962;533
1963;533
1964;533
1965;533
1966;533
1967;533
1968;533
1969;533
1970;533
1971;533
1972;533
1973;533
1974;533
1975;533
1976;533
1977;533
1978;533
1979;533
1980;533
1981;533
1982;533
1983;533
1984;533
1985;533
1986;533
1987;533
1988;533
1989;533
1990;533
1991;533
1992;533
1993;533
1994;533
1995;533
1996;533
1997;533
1998;533
1999;533
2000;533
2001;533
2002;533
2003;533
2004;533
2005;533
2006;533
2007;533
2008;533
2009;533
2010;533
2011;533
2012;533
2013;533
2014;533
2015;533
2016;533
2017;533
2018;533
2019;533
2020;533
2021;533
2022;533
2023;533
2024;533
2025;533
2026;533
2027;533
2028;533
2029;533
2030;533
2031;533
2032;534
2033;533
2034;533
2035;533
2036;533
2037;533
2038;533
2039;533
2040;533
2041;533
2042;533
2043;533
2044;533
2045;533
2046;534
2047;534
