0;443
1;440
2;441
3;441
4;436
5;440
6;439
7;438
8;440
9;440
10;440
11;435
12;437
13;437
14;437
15;440
16;437
17;432
18;433
19;439
20;439
21;440
22;437
23;435
24;437
25;439
26;439
27;441
28;437
29;437
30;437
31;434
32;432
33;441
34;439
35;433
36;440
37;432
38;436
39;435
40;434
41;437
42;435
43;434
44;438
45;432
46;432
47;431
48;434
49;431
50;434
51;432
52;431
53;431
54;431
55;428
56;432
57;432
58;434
59;432
60;439
61;437
62;434
63;436
64;435
65;434
66;435
67;433
68;433
69;434
70;436
71;437
72;432
73;434
74;436
75;434
76;434
77;432
78;437
79;432
80;433
81;434
82;433
83;436
84;436
85;434
86;437
87;432
88;433
89;437
90;436
91;435
92;436
93;433
94;434
95;437
96;432
97;436
98;431
99;433
100;431
101;432
102;434
103;436
104;440
105;438
106;439
107;434
108;440
109;434
110;432
111;439
112;437
113;437
114;433
115;432
116;434
117;440
118;440
119;437
120;444
121;441
122;440
123;437
124;439
125;438
126;440
127;437
128;440
129;437
130;437
131;437
132;456
133;437
134;437
135;435
136;441
137;439
138;435
139;439
140;437
141;439
142;437
143;440
144;437
145;437
146;437
147;437
148;434
149;439
150;441
151;440
152;440
153;441
154;444
155;441
156;437
157;439
158;444
159;440
160;437
161;439
162;444
163;440
164;440
165;444
166;447
167;445
168;440
169;442
170;440
171;441
172;439
173;434
174;440
175;440
176;444
177;445
178;442
179;444
180;445
181;445
182;446
183;442
184;450
185;443
186;444
187;442
188;441
189;441
190;448
191;443
192;446
193;453
194;450
195;447
196;442
197;446
198;444
199;450
200;444
201;447
202;449
203;445
204;444
205;448
206;449
207;441
208;449
209;452
210;449
211;448
212;449
213;447
214;450
215;450
216;453
217;448
218;447
219;448
220;444
221;448
222;451
223;448
224;450
225;453
226;453
227;455
228;452
229;450
230;450
231;455
232;451
233;453
234;456
235;458
236;456
237;460
238;460
239;453
240;457
241;456
242;457
243;457
244;460
245;469
246;458
247;456
248;461
249;458
250;458
251;452
252;452
253;459
254;457
255;465
256;458
257;456
258;455
259;453
260;460
261;462
262;460
263;452
264;456
265;459
266;461
267;463
268;464
269;461
270;460
271;463
272;459
273;461
274;463
275;464
276;464
277;458
278;460
279;464
280;465
281;464
282;469
283;469
284;469
285;468
286;471
287;471
288;472
289;472
290;472
291;474
292;471
293;472
294;476
295;474
296;474
297;473
298;472
299;473
300;479
301;479
302;480
303;480
304;471
305;472
306;477
307;472
308;476
309;477
310;476
311;476
312;476
313;476
314;474
315;472
316;475
317;473
318;470
319;472
320;472
321;473
322;472
323;477
324;474
325;476
326;476
327;481
328;479
329;476
330;476
331;472
332;469
333;471
334;474
335;473
336;470
337;473
338;473
339;476
340;477
341;476
342;474
343;477
344;479
345;480
346;479
347;480
348;483
349;479
350;482
351;480
352;481
353;482
354;482
355;481
356;481
357;481
358;480
359;481
360;480
361;482
362;480
363;481
364;481
365;477
366;480
367;477
368;479
369;479
370;478
371;482
372;481
373;483
374;476
375;479
376;485
377;480
378;481
379;480
380;477
381;479
382;481
383;477
384;479
385;476
386;476
387;476
388;473
389;472
390;473
391;476
392;472
393;476
394;474
395;472
396;480
397;475
398;476
399;476
400;476
401;474
402;472
403;473
404;473
405;471
406;472
407;476
408;474
409;472
410;472
411;472
412;474
413;472
414;473
415;473
416;472
417;469
418;468
419;472
420;471
421;472
422;472
423;480
424;466
425;466
426;471
427;468
428;466
429;469
430;470
431;466
432;464
433;466
434;461
435;466
436;461
437;466
438;461
439;465
440;462
441;461
442;464
443;466
444;464
445;464
446;466
447;468
448;460
449;461
450;464
451;464
452;457
453;460
454;458
455;458
456;460
457;455
458;456
459;456
460;453
461;457
462;453
463;453
464;455
465;452
466;455
467;452
468;453
469;450
470;449
471;449
472;447
473;451
474;449
475;453
476;445
477;444
478;447
479;449
480;449
481;448
482;445
483;442
484;444
485;444
486;443
487;442
488;444
489;444
490;446
491;445
492;444
493;441
494;439
495;441
496;437
497;437
498;437
499;440
500;434
501;434
502;437
503;438
504;439
505;433
506;432
507;432
508;430
509;434
510;432
511;432
512;425
513;426
514;429
515;432
516;428
517;427
518;431
519;427
520;428
521;428
522;429
523;425
524;428
525;425
526;426
527;425
528;423
529;425
530;421
531;425
532;424
533;419
534;421
535;425
536;417
537;423
538;419
539;419
540;417
541;421
542;424
543;423
544;421
545;421
546;422
547;418
548;417
549;416
550;421
551;412
552;413
553;415
554;415
555;420
556;417
557;415
558;412
559;412
560;412
561;412
562;410
563;408
564;405
565;405
566;405
567;409
568;409
569;409
570;410
571;410
572;408
573;407
574;409
575;412
576;412
577;409
578;410
579;405
580;405
581;407
582;409
583;407
584;405
585;405
586;405
587;401
588;402
589;405
590;404
591;400
592;401
593;405
594;402
595;399
596;400
597;400
598;399
599;400
600;402
601;399
602;402
603;404
604;401
605;396
606;397
607;397
608;399
609;397
610;398
611;400
612;399
613;400
614;396
615;397
616;397
617;396
618;398
619;396
620;397
621;400
622;396
623;394
624;396
625;391
626;397
627;394
628;396
629;394
630;394
631;394
632;393
633;394
634;396
635;391
636;393
637;394
638;394
639;393
640;396
641;391
642;396
643;393
644;393
645;393
646;393
647;392
648;390
649;388
650;389
651;393
652;389
653;393
654;389
655;388
656;389
657;389
658;392
659;389
660;389
661;387
662;385
663;386
664;385
665;388
666;389
667;386
668;393
669;386
670;388
671;386
672;393
673;391
674;386
675;385
676;389
677;386
678;388
679;388
680;388
681;386
682;385
683;384
684;388
685;389
686;385
687;389
688;389
689;384
690;384
691;385
692;385
693;385
694;385
695;385
696;384
697;388
698;381
699;382
700;386
701;380
702;382
703;381
704;384
705;378
706;381
707;384
708;383
709;380
710;380
711;380
712;382
713;383
714;383
715;386
716;385
717;380
718;381
719;383
720;383
721;384
722;384
723;380
724;379
725;378
726;380
727;384
728;384
729;380
730;383
731;380
732;382
733;383
734;380
735;381
736;385
737;382
738;384
739;380
740;381
741;378
742;385
743;384
744;384
745;382
746;384
747;380
748;380
749;384
750;384
751;385
752;385
753;385
754;382
755;381
756;383
757;385
758;381
759;381
760;380
761;386
762;383
763;384
764;382
765;382
766;380
767;388
768;383
769;385
770;390
771;384
772;383
773;380
774;382
775;388
776;383
777;383
778;385
779;385
780;384
781;385
782;385
783;385
784;384
785;383
786;380
787;385
788;380
789;388
790;385
791;393
792;386
793;386
794;389
795;389
796;389
797;386
798;389
799;392
800;386
801;389
802;389
803;388
804;386
805;388
806;384
807;388
808;389
809;386
810;388
811;386
812;385
813;394
814;389
815;387
816;386
817;386
818;386
819;386
820;388
821;391
822;390
823;389
824;388
825;388
826;388
827;393
828;389
829;391
830;389
831;393
832;392
833;393
834;392
835;393
836;394
837;392
838;394
839;392
840;396
841;394
842;393
843;400
844;396
845;396
846;396
847;396
848;399
849;399
850;396
851;396
852;393
853;400
854;397
855;394
856;395
857;395
858;397
859;399
860;394
861;396
862;400
863;400
864;400
865;400
866;404
867;402
868;404
869;407
870;401
871;402
872;408
873;402
874;404
875;405
876;404
877;405
878;405
879;402
880;407
881;405
882;401
883;405
884;402
885;401
886;409
887;401
888;408
889;404
890;407
891;407
892;408
893;409
894;408
895;409
896;410
897;405
898;408
899;405
900;409
901;410
902;409
903;412
904;412
905;413
906;410
907;414
908;409
909;409
910;413
911;414
912;416
913;415
914;412
915;416
916;416
917;412
918;412
919;416
920;417
921;417
922;414
923;417
924;416
925;417
926;412
927;415
928;417
929;421
930;420
931;417
932;421
933;418
934;421
935;423
936;419
937;418
938;424
939;424
940;423
941;424
942;418
943;421
944;417
945;419
946;421
947;416
948;416
949;418
950;417
951;418
952;417
953;419
954;424
955;423
956;418
957;425
958;424
959;423
960;424
961;426
962;423
963;423
964;423
965;423
966;421
967;424
968;425
969;424
970;421
971;423
972;424
973;423
974;424
975;426
976;425
977;425
978;430
979;429
980;425
981;421
982;412
983;412
984;409
985;416
986;418
987;423
988;425
989;428
990;421
991;424
992;421
993;421
994;423
995;419
996;418
997;418
998;419
999;418
1000;420
1001;416
1002;420
1003;422
1004;419
1005;419
1006;423
1007;421
1008;421
1009;421
1010;421
1011;420
1012;417
1013;418
1014;421
1015;420
1016;417
1017;417
1018;417
1019;412
1020;412
1021;416
1022;413
1023;416
1024;415
1025;417
1026;417
1027;410
1028;409
1029;415
1030;412
1031;412
1032;412
1033;408
1034;412
1035;408
1036;406
1037;405
1038;412
1039;409
1040;409
1041;409
1042;413
1043;407
1044;409
1045;407
1046;412
1047;407
1048;409
1049;409
1050;405
1051;400
1052;393
1053;389
1054;388
1055;392
1056;398
1057;399
1058;399
1059;397
1060;402
1061;401
1062;397
1063;399
1064;396
1065;399
1066;395
1067;399
1068;396
1069;396
1070;394
1071;396
1072;396
1073;394
1074;393
1075;391
1076;393
1077;393
1078;393
1079;391
1080;392
1081;386
1082;386
1083;386
1084;389
1085;386
1086;389
1087;389
1088;389
1089;385
1090;381
1091;384
1092;385
1093;387
1094;383
1095;384
1096;384
1097;384
1098;384
1099;380
1100;377
1101;378
1102;378
1103;377
1104;378
1105;377
1106;381
1107;377
1108;376
1109;381
1110;377
1111;378
1112;381
1113;375
1114;373
1115;373
1116;373
1117;375
1118;372
1119;373
1120;373
1121;372
1122;370
1123;369
1124;376
1125;369
1126;372
1127;369
1128;367
1129;370
1130;368
1131;370
1132;369
1133;365
1134;368
1135;368
1136;368
1137;366
1138;369
1139;364
1140;368
1141;365
1142;364
1143;367
1144;364
1145;365
1146;365
1147;362
1148;362
1149;362
1150;363
1151;367
1152;358
1153;364
1154;363
1155;364
1156;358
1157;361
1158;359
1159;356
1160;362
1161;359
1162;361
1163;357
1164;357
1165;360
1166;357
1167;357
1168;360
1169;356
1170;352
1171;353
1172;355
1173;356
1174;356
1175;357
1176;359
1177;355
1178;356
1179;353
1180;353
1181;353
1182;352
1183;353
1184;349
1185;354
1186;352
1187;351
1188;355
1189;353
1190;353
1191;349
1192;352
1193;349
1194;351
1195;350
1196;353
1197;350
1198;351
1199;350
1200;347
1201;346
1202;349
1203;348
1204;348
1205;349
1206;346
1207;349
1208;348
1209;346
1210;345
1211;348
1212;344
1213;345
1214;343
1215;344
1216;347
1217;348
1218;347
1219;345
1220;344
1221;344
1222;345
1223;346
1224;346
1225;346
1226;345
1227;344
1228;348
1229;345
1230;345
1231;344
1232;341
1233;344
1234;345
1235;341
1236;344
1237;344
1238;343
1239;344
1240;344
1241;346
1242;349
1243;345
1244;344
1245;345
1246;345
1247;345
1248;343
1249;346
1250;347
1251;343
1252;345
1253;345
1254;346
1255;345
1256;344
1257;344
1258;343
1259;337
1260;339
1261;344
1262;343
1263;343
1264;343
1265;348
1266;346
1267;343
1268;343
1269;344
1270;346
1271;344
1272;345
1273;342
1274;344
1275;346
1276;344
1277;348
1278;346
1279;343
1280;348
1281;344
1282;346
1283;341
1284;344
1285;344
1286;345
1287;344
1288;346
1289;344
1290;344
1291;348
1292;350
1293;346
1294;344
1295;341
1296;343
1297;344
1298;340
1299;344
1300;344
1301;345
1302;343
1303;344
1304;346
1305;348
1306;344
1307;342
1308;341
1309;340
1310;344
1311;340
1312;348
1313;346
1314;346
1315;346
1316;345
1317;344
1318;344
1319;342
1320;344
1321;343
1322;345
1323;346
1324;348
1325;348
1326;353
1327;346
1328;345
1329;351
1330;348
1331;348
1332;344
1333;344
1334;347
1335;350
1336;348
1337;349
1338;351
1339;345
1340;348
1341;344
1342;346
1343;346
1344;346
1345;346
1346;343
1347;345
1348;347
1349;346
1350;346
1351;346
1352;348
1353;345
1354;345
1355;351
1356;344
1357;348
1358;347
1359;345
1360;344
1361;346
1362;344
1363;346
1364;348
1365;344
1366;351
1367;348
1368;345
1369;348
1370;349
1371;347
1372;345
1373;346
1374;348
1375;348
1376;347
1377;346
1378;353
1379;348
1380;350
1381;347
1382;351
1383;352
1384;351
1385;348
1386;348
1387;350
1388;349
1389;348
1390;348
1391;353
1392;352
1393;348
1394;351
1395;349
1396;352
1397;351
1398;349
1399;351
1400;349
1401;348
1402;353
1403;351
1404;348
1405;352
1406;352
1407;345
1408;348
1409;353
1410;352
1411;352
1412;353
1413;351
1414;350
1415;351
1416;352
1417;351
1418;354
1419;354
1420;355
1421;354
1422;355
1423;352
1424;356
1425;354
1426;359
1427;353
1428;356
1429;352
1430;355
1431;353
1432;352
1433;356
1434;357
1435;357
1436;357
1437;358
1438;361
1439;357
1440;359
1441;354
1442;361
1443;357
1444;355
1445;356
1446;355
1447;357
1448;357
1449;359
1450;357
1451;360
1452;360
1453;361
1454;360
1455;359
1456;357
1457;360
1458;357
1459;357
1460;358
1461;359
1462;357
1463;357
1464;359
1465;361
1466;361
1467;361
1468;360
1469;364
1470;361
1471;361
1472;362
1473;361
1474;361
1475;362
1476;360
1477;359
1478;364
1479;361
1480;364
1481;364
1482;361
1483;362
1484;361
1485;361
1486;360
1487;360
1488;361
1489;357
1490;361
1491;361
1492;357
1493;361
1494;359
1495;358
1496;360
1497;357
1498;362
1499;359
1500;357
1501;359
1502;361
1503;360
1504;361
1505;361
1506;361
1507;362
1508;360
1509;359
1510;360
1511;359
1512;361
1513;359
1514;360
1515;353
1516;358
1517;359
1518;357
1519;359
1520;359
1521;359
1522;361
1523;357
1524;360
1525;359
1526;355
1527;356
1528;354
1529;353
1530;355
1531;357
1532;354
1533;356
1534;352
1535;357
1536;351
1537;348
1538;346
1539;352
1540;351
1541;351
1542;351
1543;356
1544;354
1545;352
1546;355
1547;353
1548;352
1549;348
1550;350
1551;351
1552;351
1553;345
1554;345
1555;344
1556;343
1557;346
1558;346
1559;345
1560;344
1561;346
1562;344
1563;343
1564;343
1565;344
1566;340
1567;341
1568;340
1569;340
1570;341
1571;339
1572;341
1573;341
1574;341
1575;338
1576;341
1577;341
1578;339
1579;341
1580;338
1581;338
1582;335
1583;340
1584;338
1585;341
1586;336
1587;337
1588;338
1589;335
1590;337
1591;336
1592;336
1593;337
1594;335
1595;336
1596;334
1597;336
1598;333
1599;336
1600;332
1601;331
1602;332
1603;333
1604;329
1605;332
1606;332
1607;330
1608;328
1609;335
1610;330
1611;330
1612;329
1613;329
1614;325
1615;332
1616;328
1617;329
1618;332
1619;327
1620;330
1621;327
1622;329
1623;328
1624;328
1625;329
1626;327
1627;329
1628;328
1629;330
1630;325
1631;327
1632;325
1633;326
1634;324
1635;325
1636;326
1637;325
1638;325
1639;328
1640;322
1641;321
1642;325
1643;325
1644;328
1645;325
1646;322
1647;321
1648;324
1649;321
1650;325
1651;320
1652;322
1653;328
1654;325
1655;322
1656;325
1657;324
1658;322
1659;321
1660;320
1661;323
1662;319
1663;317
1664;321
1665;324
1666;320
1667;321
1668;321
1669;318
1670;320
1671;320
1672;321
1673;319
1674;317
1675;320
1676;322
1677;316
1678;324
1679;322
1680;321
1681;321
1682;321
1683;317
1684;319
1685;322
1686;318
1687;321
1688;320
1689;319
1690;321
1691;319
1692;319
1693;320
1694;319
1695;319
1696;316
1697;316
1698;320
1699;320
1700;320
1701;317
1702;317
1703;316
1704;317
1705;316
1706;317
1707;320
1708;319
1709;319
1710;317
1711;321
1712;320
1713;317
1714;316
1715;319
1716;317
1717;318
1718;320
1719;319
1720;314
1721;317
1722;319
1723;319
1724;317
1725;313
1726;318
1727;316
1728;313
1729;317
1730;317
1731;314
1732;319
1733;316
1734;316
1735;319
1736;314
1737;319
1738;313
1739;316
1740;316
1741;317
1742;318
1743;318
1744;320
1745;320
1746;317
1747;316
1748;316
1749;317
1750;319
1751;319
1752;317
1753;316
1754;316
1755;316
1756;316
1757;316
1758;317
1759;318
1760;321
1761;319
1762;314
1763;316
1764;321
1765;316
1766;313
1767;316
1768;317
1769;314
1770;316
1771;317
1772;319
1773;319
1774;316
1775;316
1776;314
1777;316
1778;315
1779;319
1780;316
1781;319
1782;319
1783;320
1784;321
1785;319
1786;320
1787;321
1788;321
1789;320
1790;318
1791;316
1792;321
1793;318
1794;321
1795;317
1796;317
1797;320
1798;320
1799;321
1800;322
1801;320
1802;324
1803;322
1804;320
1805;321
1806;320
1807;321
1808;322
1809;321
1810;320
1811;317
1812;321
1813;325
1814;321
1815;320
1816;321
1817;324
1818;319
1819;325
1820;321
1821;322
1822;325
1823;321
1824;325
1825;325
1826;321
1827;321
1828;320
1829;325
1830;320
1831;324
1832;325
1833;325
1834;325
1835;325
1836;326
1837;327
1838;322
1839;324
1840;325
1841;325
1842;322
1843;325
1844;325
1845;325
1846;327
1847;328
1848;325
1849;327
1850;324
1851;325
1852;323
1853;327
1854;323
1855;322
1856;328
1857;328
1858;325
1859;327
1860;326
1861;329
1862;325
1863;330
1864;325
1865;325
1866;327
1867;325
1868;325
1869;325
1870;327
1871;327
1872;326
1873;327
1874;325
1875;328
1876;325
1877;328
1878;328
1879;327
1880;324
1881;327
1882;328
1883;324
1884;325
1885;329
1886;329
1887;328
1888;328
1889;322
1890;327
1891;328
1892;326
1893;325
1894;324
1895;325
1896;321
1897;327
1898;325
1899;325
1900;324
1901;322
1902;324
1903;325
1904;325
1905;322
1906;316
1907;324
1908;321
1909;322
1910;325
1911;322
1912;319
1913;322
1914;321
1915;324
1916;322
1917;321
1918;321
1919;319
1920;321
1921;316
1922;321
1923;321
1924;320
1925;320
1926;320
1927;319
1928;320
1929;319
1930;321
1931;319
1932;316
1933;320
1934;316
1935;316
1936;316
1937;316
1938;314
1939;315
1940;314
1941;312
1942;317
1943;314
1944;312
1945;313
1946;314
1947;312
1948;313
1949;312
1950;313
1951;315
1952;314
1953;311
1954;313
1955;309
1956;312
1957;312
1958;313
1959;312
1960;312
1961;313
1962;311
1963;312
1964;309
1965;311
1966;309
1967;312
1968;310
1969;309
1970;309
1971;309
1972;311
1973;308
1974;309
1975;309
1976;308
1977;310
1978;309
1979;309
1980;305
1981;306
1982;309
1983;309
1984;309
1985;304
1986;308
1987;308
1988;304
1989;304
1990;308
1991;309
1992;309
1993;304
1994;305
1995;305
1996;305
1997;306
1998;305
1999;304
2000;306
2001;305
2002;304
2003;307
2004;304
2005;306
2006;306
2007;304
2008;304
2009;304
2010;304
2011;304
2012;305
2013;301
2014;302
2015;302
2016;303
2017;303
2018;303
2019;300
2020;304
2021;304
2022;300
2023;304
2024;304
2025;300
2026;303
2027;304
2028;304
2029;300
2030;303
2031;305
2032;298
2033;301
2034;304
2035;300
2036;302
2037;300
2038;300
2039;306
2040;301
2041;301
2042;305
2043;300
2044;301
2045;303
2046;303
2047;299
